((("cli" .
   [1 0 0])
  ("sei" .
   [2 0 0])
  ("pwm_channel_init" .
   [0 0 0 0 0 0 0 1 0 0 0 0 0 0 0 0])
  ("166" .
   [1 0 0])
  ("OC1B" .
   [1 0 0 0])
  ("PWM2" .
   [7 0 0 0])
  ("STOP_PWM_CH2" .
   [1 0 0 0 0 0 0 0 0 0 0 0])
  ("pwm_channel" .
   [1 0 0 0 0 0 0 0 0 0 0])
  ("pwm_init" .
   [0 0 0 0 0 1 0 0])
  ("OC1A" .
   [0 0 0 2])
  ("PWM1" .
   [7 0 0 0])
  ("PWM" .
   [3 0 1])
  ("OCIE1B" .
   [1 0 0 0 0 0])
  ("OCIE1A" .
   [0 0 0 1 0 2])
  ("count2" .
   [3 0 0 0 0 0])
  ("STOP_PWM_CH1" .
   [0 0 0 0 1 0 0 0 0 0 0 1])
  ("START_PWM_CH1" .
   [1 0 0 0 0 0 1 0 0 0 0 0 4])
  ("TIMSK1" .
   [1 0 0 0 1 3])
  ("_pulse_number_ch1" .
   [0 0 0 0 0 0 0 0 0 0 0 0 0 0 1 0 0])
  ("count1" .
   [2 0 0 0 0 0])
  ("TIMER1_OVF_vect" .
   [0 0 0 0 0 0 1 0 0 0 0 0 0 0 0])
  ("ISR" .
   [1 0 0])
  ("void" .
   [0 0 0 1])
  ("start_pwm_ch1" .
   [1 0 0 0 0 0 1 0 0 0 0 0 0])
  ("stop_pwm_ch1" .
   [0 0 0 0 0 0 2 0 0 0 0 0])
  ("_pulse_number_ch2" .
   [1 0 0 0 0 0 0 0 0 0 0 0 0 0 0 0 4])
  ("_pulse_number" .
   [0 0 0 1 0 0 0 0 0 0 0 0 1])
  ("pulse_number" .
   [0 0 1 5 1 0 0 0 0 0 0 0])
  ("pwm_set_pulse_number" .
   [0 0 0 0 0 0 0 0 0 3 2 0 0 0 0 0 0 0 0 0])
  ("pwm_set_duty_cycle" .
   [0 0 0 0 0 0 0 0 0 0 0 0 1 0 0 0 0 0])
  ("pwm_set_frequency" .
   [1 0 0 0 0 0 0 1 0 0 0 0 1 0 0 0 0])
  ("duty_cycle" .
   [0 0 2 1 1 0 0 0 0 0])
  ("ICR1" .
   [1 0 0 0])
  ("PWM_CHANNEL" .
   [0 0 0 0 0 0 10 1 1 0 4])
  ("frequency" .
   [0 0 0 3 1 0 0 1 0])
  ("PWM_Channel" .
   [1 0 0 0 0 0 2 3 1 0 0])
  ("necessary" .
   [1 0 0 0 0 0 0 0 0])
  ("PWMx" .
   [6 0 0 0])
  ("PWM_Init" .
   [1 0 0 0 0 4 1 0])
  ("pwm" .
   [2 0 0])
  ("20" .
   [1 0])
  ("COIL4_PLUS_OFF" .
   [1 0 0 0 0 0 0 0 0 0 0 0 0 0])
  ("COIL2_PLUS_OFF" .
   [1 0 0 0 0 0 0 0 0 0 0 0 0 0])
  ("COIL1_PLUS_OFF" .
   [1 0 0 0 0 0 0 0 0 0 0 0 0 0])
  ("COIL4_PLUS_ON" .
   [0 0 0 1 0 0 0 0 0 0 0 0 0])
  ("COIL2_PLUS_O" .
   [0 0 0 0 0 0 0 0 0 0 0 1])
  ("COIL1_PLUS_ON" .
   [0 0 0 0 0 1 0 0 0 0 0 0 0])
  ("DDRD" .
   [4 0 0 0])
  ("m_blue" .
   [2 0 0 0 0 0])
  ("m_yellow" .
   [0 0 0 0 0 0 1 0])
  ("ON" .
   [4 0])
  ("m_green" .
   [1 0 0 0 0 0 1])
  ("24000" .
   [9 0 0 0 0])
  ("22522" .
   [1 0 0 0 0])
  ("init" .
   [3 0 0 0])
  ("COIL3_MINUS_O" .
   [0 0 0 0 0 0 0 0 0 0 0 0 1])
  ("40" .
   [1 0])
  ("30" .
   [1 0])
  ("e" .
   [1])
  ("COM_Send" .
   [1 0 0 0 0 0 0 0])
  ("maxval" .
   [0 0 0 0 2 0])
  ("i" .
   [1])
  ("NORMAL" .
   [5 0 0 0 0 0])
  ("ifdef" .
   [9 0 0 0 1])
  ("endif" .
   [12 0 0 1 1])
  ("FOCUS" .
   [6 0 0 0 0])
  ("comments" .
   [1 0 0 0 0 0 0 0])
  ("wrote" .
   [1 0 0 0 0])
  ("library" .
   [1 0 0 0 0 0 0])
  ("modified" .
   [1 0 0 0 0 0 0 0])
  ("inc/ov7660.h" .
   [0 0 0 0 0 1 0 0 0 0 0 0])
  ("code" .
   [0 0 0 2])
  ("inc/." .
   [1 0 0 0 0])
  ("HEAD" .
   [1 0 0 0])
  ("reset" .
   [1 0 0 0 0])
  ("--all" .
   [1 0 0 0 0])
  ("stm32f37x_it¸±±¾.h" .
   [0 0 0 1 0 0 0 0 0 0 0 0 0 0 0 0])
  ("inc" .
   [1 0 0])
  ("ov7660.h" .
   [0 0 1 0 0 0 0 0])
  ("-a" .
   [6 0])
  ("make-backup-files" .
   [0 0 0 0 0 0 0 0 0 1 0 0 0 0 0 0 0])
  ("./enum_test" .
   [0 0 0 0 0 0 1 0 0 0 0])
  ("input" .
   [1 0 0 0 0])
  ("change" .
   [0 0 0 0 0 1])
  ("status" .
   [10 0 0 0 0 0])
  ("row" .
   [1 0 0])
  ("odd" .
   [1 0 0])
  ("and" .
   [1 0 0])
  ("even" .
   [1 0 0 0])
  ("master" .
   [0 0 0 1 0 0])
  ("286a588" .
   [0 0 2 0 0 0 0])
  (":q" .
   [2 0])
  ("e28308b" .
   [0 0 0 1 0 0 0])
  ("checkout" .
   [0 0 0 0 1 0 0 3])
  ("hist" .
   [5 0 0 0])
  ("the" .
   [5 0 0])
  ("to" .
   [2 0])
  ("-m" .
   [6 0])
  ("commit" .
   [0 0 0 0 0 6])
  ("add" .
   [10 0 0])
  ("status:" .
   [0 0 0 0 0 0 5])
  ("git" .
   [33 0 0])
  ("flag" .
   [3 0 0 0])
  ("3000" .
   [2 0 0 0])
  ("GPIOB_Init" .
   [0 0 0 0 0 0 0 0 1 0])
  ("GPIO_Pin_3" .
   [0 0 0 0 0 0 0 1 0 0])
  ("GPIO_Pin_1" .
   [2 0 0 0 0 0 0 0 0 0])
  ("GPIO_InitTypeDef" .
   [0 0 0 0 0 0 0 0 0 1 0 0 0 0 0 0])
  ("GPIO_Init" .
   [1 0 0 0 0 0 0 0 0])
  ("v" .
   [1])
  ("NVIC_Configuration" .
   [0 0 0 0 0 0 1 0 0 0 0 0 0 0 0 0 0 0])
  ("TIMER3_Init" .
   [1 0 0 0 0 1 0 0 0 0 0])
  ("TIM3_IRQn" .
   [1 0 0 0 0 0 1 0 0])
  (".." .
   [5 0])
  ("cd" .
   [7 0])
  ("USART_transmit_char" .
   [0 0 0 0 0 0 0 0 0 0 0 0 0 0 0 0 1 0 0])
  ("10000" .
   [4 0 0 0 0])
  ("wait" .
   [5 0 0 0])
  ("m" .
   [3])
  ("USART_transmit_uint" .
   [0 0 0 0 0 0 0 1 0 0 0 0 0 0 0 0 0 0 0])
  ("0x1111" .
   [7 0 0 0 0 0])
  ("0x2000" .
   [1 0 0 1 0 0])
  ("0x5000" .
   [1 0 0 0 0 0])
  ("0x0000" .
   [5 0 0 0 0 0])
  ("SPIx_ReadWriteByte" .
   [0 0 0 0 3 0 0 0 0 0 0 0 0 0 0 0 0 1])
  ("SPI_BaudRatePrescaler_8" .
   [4 0 0 0 0 0 0 0 0 0 0 0 0 0 0 0 0 0 0 0 0 0 0])
  ("flasg" .
   [1 0 0 0 0])
  ("I2C_NUM" .
   [0 0 0 0 0 1 0])
  ("0x50" .
   [3 0 0 0])
  ("SLAVE_ADDR" .
   [0 0 2 1 0 0 0 0 0 0])
  ("I2C_write_1byte" .
   [0 0 0 0 0 0 0 0 0 1 0 0 0 0 0])
  ("I2C" .
   [1 0 0])
  ("clean" .
   [22 0 0 0 0])
  ("Flash:" .
   [0 0 0 0 0 5])
  ("run" .
   [1 0 0])
  ("program.elf" .
   [1 0 0 0 0 0 0 0 0 0 0])
  ("program" .
   [0 0 0 0 0 0 2])
  ("program.elf:" .
   [0 0 0 0 0 0 1 0 0 0 1 0])
  ("load" .
   [3 0 0 0])
  (":4242" .
   [1 0 0 0 0])
  ("extent" .
   [0 0 0 0 1 0])
  ("tar" .
   [1 0 0])
  ("build" .
   [0 0 0 1 0])
  ("Processors" .
   [1 0 0 1 0 0 0 0 0 0])
  ("make" .
   [324 0 0 0])
  ("Makefile" .
   [0 0 0 0 23 0 0 0])
  ("ls" .
   [2 0])
  ("LaserRangeFinder" .
   [0 0 0 1 0 0 0 0 0 0 0 0 0 0 0 0])
  ("ModLab" .
   [0 0 0 1 0 0])
  ("Dropbox" .
   [0 0 0 0 2 0 0])
  ("ChaoLiu" .
   [0 0 1 1 0 0 0])
  ("Users" .
   [0 0 3 0 0])
  ("usr" .
   [0 0 1])
  ("multi-term" .
   [0 0 0 0 1 1 0 0 0 0])
  ("count" .
   [9 0 0 0 1])
  ("disabled" .
   [3 0 0 0 0 0 0 0])
  ("put" .
   [3 0 0])
  ("global-font-lock-mode" .
   [1 0 0 0 0 0 0 0 0 0 0 0 0 0 0 0 0 0 0 0 0])
  ("line" .
   [8 0 0 0])
  ("mWhiteON" .
   [2 0 0 2 1 0 0 2])
  ("0x26" .
   [1 0 0 0])
  ("0x79" .
   [1 0 0 0])
  ("wcy-shell-mode-directory-changed" .
   [0 0 1 0 0 0 0 0 0 0 0 0 0 0 0 0 0 0 0 0 0 0 0 0 0 0 0 0 0 0 0 0])
  ("0xABCD" .
   [4 0 1 0 0 1])
  ("100000" .
   [2 0 0 0 0 0])
  ("SPI" .
   [0 0 1])
  ("10" .
   [3 0])
  ("sizeof" .
   [0 0 0 0 1 0])
  ("length" .
   [1 0 0 0 0 0])
  ("DR" .
   [6 0])
  ("SPI3" .
   [5 0 0 0])
  ("in" .
   [3 0])
  ("d" .
   [1])
  ("InitVariable2" .
   [0 0 0 0 1 0 0 0 0 0 0 0 0])
  ("maxind" .
   [1 0 0 1 0 5])
  ("u16" .
   [1 0 0])
  ("150" .
   [1 0 0])
  ("200" .
   [7 0 0])
  ("6" .
   [2])
  ("45" .
   [2 0])
  ("640" .
   [2 0 0])
  (".python-mode" .
   [1 0 0 0 0 0 0 0 0 0 0 0])
  ("intPart" .
   [1 0 0 0 0 0 0])
  ("while" .
   [0 0 0 2 0])
  ("string_num" .
   [3 0 0 0 0 0 1 1 0 0])
  ("ropemacs" .
   [0 0 0 0 1 0 0 0])
  ("pymacs-load" .
   [1 0 0 0 0 0 0 0 0 0 0])
  ("monokai" .
   [1 0 0 0 0 0 0])
  ("interpreter-mode-alist" .
   [1 0 0 0 0 1 0 0 0 0 0 1 0 0 0 0 2 0 0 0 0 0])
  ("auto-mode-alist" .
   [0 0 0 0 4 0 0 0 0 1 0 0 0 0 0])
  ("load-path" .
   [1 0 0 0 2 0 0 0 0])
  ("nil" .
   [10 0 0])
  ("set-variable" .
   [0 0 0 1 0 0 0 0 0 0 0 0])
  ("python-mode" .
   [2 0 1 0 0 0 9 0 0 0 1])
  ("kbd" .
   [2 0 0])
  ("ac-previous" .
   [0 0 1 0 0 0 0 0 0 0 0])
  ("ac-completing-map" .
   [0 0 1 0 0 0 0 0 0 0 0 0 0 0 0 0 0])
  ("setq" .
   [5 0 5 9])
  ("define-key" .
   [0 0 0 0 0 0 4 0 0 0])
  ("set-face-background" .
   [0 0 0 1 0 0 0 0 0 0 0 0 0 0 0 0 0 0 0])
  ("ac-candidate-face" .
   [0 0 0 0 0 0 1 0 0 0 0 0 0 0 0 0 0])
  ("auto-complete" .
   [1 0 0 0 1 0 0 0 0 0 0 0 0])
  ("add-to-list" .
   [2 0 1 3 0 1 2 0 0 0 0])
  ("lambda" .
   [2 0 0 2 0 0])
  ("add-hook" .
   [0 0 1 4 0 0 0 1])
  ("ac-sources" .
   [0 0 4 0 0 0 0 0 0 0])
  ("setq-default" .
   [0 0 2 0 0 0 0 0 0 0 0 1])
  ("require" .
   [8 0 0 0 1 0 0])
  ("global-flycheck-mode" .
   [0 0 0 0 0 0 1 0 0 0 0 0 0 0 0 0 0 0 0 0])
  ("cons" .
   [5 0 0 0])
  ("py-install-directory" .
   [1 0 0 0 0 0 0 0 0 0 0 0 0 0 0 0 0 0 0 0])
  ("math" .
   [2 0 0 0])
  ("isPrime" .
   [1 0 0 0 0 0 0])
  ("num" .
   [14 0 0])
  ("num_str" .
   [8 0 0 0 0 0 0])
  ("index" .
   [10 0 0 0 0])
  ("autoload" .
   [5 0 0 0 0 0 0 0])
  ("pymacs" .
   [2 0 0 0 0 0])
  ("flag1" .
   [1 0 0 0 0])
  ("mBlueTOGGLE" .
   [0 0 0 1 0 0 0 0 0 0 0])
  ("mWaitms" .
   [3 0 5 1 3 1 7])
  ("100" .
   [16 0 0])
  ("flag2" .
   [2 0 0 0 0])
  ("255" .
   [2 0 0])
  ("mGreenTOGGLE" .
   [0 0 0 0 0 1 1 0 0 0 1 0])
  ("1" .
   [9])
  ("printf" .
   [2 0 0 0 1 0])
  ("__asm__" .
   [2 0 0 0 0 0 0])
  ("string" .
   [3 0 0 0 0 0])
  ("decimal" .
   [0 0 0 0 0 0 1])
  ("decimal_num" .
   [3 0 0 0 0 0 0 1 0 0 0])
  ("integer" .
   [0 0 0 0 1 0 0])
  ("extractIntegerPart" .
   [0 0 1 0 0 0 0 0 0 0 0 0 0 0 0 0 0 0])
  ("fractional" .
   [0 0 0 0 1 0 0 0 0 0])
  ("extractFractionalPart" .
   [0 0 1 0 0 0 0 0 0 0 0 0 0 0 0 0 0 0 0 0 0])
  ("decInt2Bin" .
   [0 0 0 1 0 0 0 0 0 0])
  ("integerPart" .
   [0 0 0 0 1 0 0 1 0 0 0])
  ("decFrac2Bin" .
   [0 0 0 0 1 0 0 0 0 0 0])
  ("fractionalPart" .
   [0 0 0 0 2 0 0 0 0 0 0 0 0 0])
  ("intBinary" .
   [0 0 0 0 1 0 0 1 0])
  ("fracPart" .
   [1 0 0 1 1 0 0 0])
  ("mantissa" .
   [0 0 1 2 0 0 0 1])
  ("getMantissa" .
   [0 0 0 1 0 0 0 0 0 0 1])
  ("num_binary" .
   [3 0 0 0 0 1 0 0 1 0])
  ("exponent" .
   [1 0 2 1 1 0 0 1])
  ("getExponent" .
   [0 0 0 0 1 0 0 0 0 0 0])
  ("sign" .
   [2 0 0 0])
  ("getSignedBit" .
   [0 0 0 0 0 0 1 0 0 0 0 0])
  ("assembleIEEEFormat" .
   [0 0 0 0 1 0 0 0 0 0 0 0 0 0 0 0 0 0])
  ("bin2Hex" .
   [0 0 0 0 1 0 0])
  ("binary_result" .
   [1 0 0 0 0 0 0 1 0 0 0 0 0])
  ("hex_result" .
   [0 0 0 0 1 0 0 0 0 0])
  ("index_dot" .
   [2 0 0 0 0 0 0 1 0])
  ("string_num_new" .
   [1 0 0 0 0 0 4 1 0 0 0 1 0 0])
  ("index_num" .
   [2 0 0 0 0 1 0 0 2])
  ("index_1" .
   [2 0 0 0 0 2 0])
  ("127" .
   [1 0 0])
  ("mBlueOFF" .
   [0 0 0 0 0 1 0 0])
  ("mYellowON" .
   [1 0 2 3 0 0 0 0 5])
  ("LINE_MAX" .
   [1 0 0 2 2 0 0 0])
  ("mGreen" .
   [0 0 0 0 0 1])
  ("include" .
   [1 0 0 2 5 1 1])
  ("mBusInit" .
   [0 0 0 0 1 0 0 0])
  ("mUSBInit" .
   [0 0 0 0 1 0 0 0])
  ("TIM_TimeBaseInitTypeDef" .
   [0 0 0 0 0 0 0 1 1 0 0 0 0 0 0 0 0 0 0 0 0 0 0])
  ("TIM_TimeBaseInitStruct" .
   [1 0 0 0 0 0 0 0 2 0 0 0 0 0 0 0 1 1 0 0 0 2])
  ("2000" .
   [2 0 0 0])
  ("TIM_TimeBaseInit" .
   [1 0 0 0 0 0 0 0 0 0 0 0 0 0 0 1])
  ("TIM2" .
   [2 0 0 0])
  ("TIM_ClearFlag" .
   [1 0 0 0 0 0 0 1 0 0 0 0 0])
  ("TIM" .
   [12 0 0])
  ("TIM3" .
   [8 0 0 0])
  ("ENABLE" .
   [2 0 0 0 0 0])
  ("NVIC_PriorityGroupConfig" .
   [0 0 0 0 0 0 0 0 0 1 0 0 0 0 0 0 0 0 0 0 0 0 0 0])
  ("NVIC_InitStructure" .
   [1 0 0 0 0 0 0 1 2 1 0 0 0 0 0 0 0 0])
  ("NVIC_IRQChannel" .
   [0 0 0 0 0 0 0 0 0 0 0 0 0 0 2])
  ("TIM_IT_Update" .
   [1 0 0 0 0 0 0 0 0 0 0 0 0])
  ("TIM_FLAG_Update" .
   [1 0 0 0 0 0 0 0 0 0 0 0 0 0 0])
  ("TIM3_Config" .
   [1 0 0 0 0 0 0 0 0 0 0])
  ("TIM3_Interrupt_Config" .
   [0 0 0 0 0 0 0 1 0 0 0 0 0 0 0 0 0 0 0 0 0])
  ("updateTimeInit" .
   [0 0 0 0 0 0 1 0 0 0 0 0 0 0])
  ("TIM_DeInit" .
   [1 0 0 0 0 0 0 0 0 0])
  ("1000" .
   [20 0 0 0])
  ("imu_read" .
   [1 0 0 0 0 0 0 0])
  ("complementary" .
   [0 0 0 1 0 0 0 0 0 0 0 0 0])
  ("4000" .
   [1 0 0 0])
  ("imu_raw" .
   [0 0 0 0 1 0 0])
  ("define" .
   [12 0 0 2 4 1])
  ("PA6" .
   [3 0 0])
  ("GPIO_Pin" .
   [2 0 0 0 0 0 0 4])
  ("PF7" .
   [2 0 0])
  ("GPIO_Pin_7" .
   [3 0 0 0 0 0 0 0 0 0])
  ("GPIOA" .
   [5 0 0 0 0])
  ("IDR" .
   [10 0 2])
  ("row1" .
   [12 0 0 0])
  ("5000" .
   [1 0 0 0])
  ("GPIO" .
   [1 0 0 0])
  ("GPIOF" .
   [1 0 0 0 0])
  ("PA4" .
   [1 0 0])
  ("Image" .
   [5 0 0 0 1])
  ("GPIOB" .
   [9 0 0 0 4])
  ("0xff" .
   [1 0 0 0])
  ("ROW_MAX" .
   [0 0 0 2 0 1 0])
  ("Disflag" .
   [2 0 0 1 0 0 0])
  ("600" .
   [1 0 0])
  ("mRedON" .
   [1 0 0 0 0 0])
  ("data" .
   [12 0 0 0])
  ("0" .
   [6])
  ("404" .
   [3 0 0])
  ("4" .
   [4])
  ("500" .
   [3 0 0])
  ("GPIO_InitStructure" .
   [1 0 0 0 0 0 2 0 1 0 1 0 0 1 0 0 0 3])
  ("GPIO_Pin_0" .
   [2 0 0 0 0 0 0 0 0 0])
  ("GPIO_Mode" .
   [0 0 0 0 0 0 0 0 1])
  ("GPIO_Mode_IN" .
   [0 0 0 0 0 0 1 0 0 0 0 0])
  ("GPIO_Speed" .
   [1 0 0 0 0 0 0 0 0 0])
  ("GPIO_OType" .
   [0 0 0 0 0 0 0 0 1 0])
  ("GPIO_PuPd" .
   [0 0 0 0 0 0 0 0 1])
  ("GPIO_PuPd_UP" .
   [0 0 0 0 0 0 0 1 0 0 0 0])
  ("GPIO_Speed_50MHz" .
   [0 0 0 0 0 0 0 0 0 0 0 0 0 1 0 0])
  ("ODR" .
   [1 0 0])
  ("0x01" .
   [2 0 0 0])
  ("0x11" .
   [1 0 0 0])
  ("0x00" .
   [1 0 0 0])
  ("0x40" .
   [3 0 0 0])
  ("0x6b" .
   [1 0 0 0])
  ("0x0a" .
   [1 0 0 0])
  ("0x80" .
   [1 0 0 0])
  ("65" .
   [1 0])
  ("480" .
   [1 0 0])
  ("ansi-term" .
   [0 0 0 0 0 0 1 0 0])
  ("defun" .
   [1 0 0 0 0])
  ("user-ret" .
   [0 0 0 0 1 0 0 0])
  ("flash" .
   [125 0 1 0 0])
  ("cleanlib" .
   [5 0 0 1 2 6 7 4])
  ("USART1" .
   [1 0 0 0 0 1])
  ("COM_Send2" .
   [1 0 0 0 0 0 0 0 0])
  ("48" .
   [1 0])
  ("r" .
   [1])
  ("display" .
   [0 0 0 0 0 0 3])
  ("echo" .
   [1 0 0 0])
  ("$PATH" .
   [0 0 0 0 1])
  ("sudo" .
   [1 0 0 0])
  ("Serial" .
   [3 0 0 0 0 0])
  ("snd" .
   [4 0 0])
  ("baudrate" .
   [1 0 0 0 0 0 0 0])
  ("parity" .
   [3 0 0 0 0 0])
  ("parity_mode" .
   [0 0 0 0 0 0 0 0 1 0 0])
  ("read" .
   [1 0 0 0])
  ("terminal_init" .
   [0 0 0 0 1 0 0 0 0 0 0 0 0])
  ("port" .
   [1 0 0 0])
  ("Baudrate" .
   [0 0 0 0 0 1 0 0])
  ("serial" .
   [4 0 0 0 0 0])
  ("9600" .
   [2 0 0 0])
  ("PARITY_NONE" .
   [0 0 1 0 0 0 0 0 0 0 0])
  ("init_coil" .
   [0 0 0 0 0 0 0 1 0])
  ("drive_coil3" .
   [4 0 0 0 0 0 0 0 0 0 0])
  ("PLUS" .
   [13 0 0 1])
  ("DIRECTION" .
   [2 0 0 0 1 0 0 0 0])
  ("direction" .
   [3 0 0 0 0 0 0 0 0])
  ("MINUS" .
   [4 0 0 0 0])
  ("OFF" .
   [1 0 0])
  ("PLUSS" .
   [1 0 0 0 0])
  ("MINUSS" .
   [1 0 0 0 0 0])
  ("OFFF" .
   [1 0 0 0])
  ("c" .
   [15])
  ("typedef" .
   [0 0 1 0 0 1 0])
  ("COIL1" .
   [7 0 0 0 0])
  ("COIL2" .
   [12 0 0 0 0])
  ("COIL3" .
   [5 0 0 0 0])
  ("COIL4" .
   [12 0 0 0 0])
  ("COIL" .
   [2 0 0 0])
  ("set" .
   [23 0 0])
  ("PORTB" .
   [7 0 0 0 0])
  ("clear" .
   [23 0 0 0 0])
  ("PORTD" .
   [13 0 0 0 0])
  ("PORTC" .
   [4 0 0 0 0])
  ("STOP" .
   [4 0 0 0])
  ("DDRB" .
   [16 0 0 0])
  ("SIGNAL_ON" .
   [1 0 0 0 0 0 0 0 0])
  ("SIGNAL_OFF" .
   [1 0 0 0 0 0 0 0 0 0])
  ("COIL3_MINUS_OFF" .
   [1 0 0 0 0 1 0 0 1 0 0 0 0 0 0])
  ("COIL3_PLUS_ON" .
   [2 0 0 0 0 0 0 0 0 0 0 0 0])
  ("COMMON_MINUS_ON" .
   [0 0 0 0 0 0 0 0 0 0 0 0 0 0 1])
  ("COIL3_PLUS_OFF" .
   [1 0 0 0 0 0 1 1 0 0 1 0 0 0])
  ("COMMON_MINUS_OFF" .
   [0 0 0 0 0 1 0 0 0 1 0 0 0 0 0 1])
  ("COIL3_MINUS_ON" .
   [0 0 0 0 0 0 1 0 1 0 0 0 0 0])
  ("COMMON_PLUS_ON" .
   [0 0 0 0 1 0 0 0 0 0 0 0 0 2])
  ("COMMON_PLUS_OFF" .
   [1 0 0 0 0 0 0 0 0 0 0 0 1 0 0])
  ("coil3_direction" .
   [0 0 0 0 0 0 0 0 1 0 0 0 0 0 0])
  ("15" .
   [1 0])
  ("OCR1A" .
   [0 0 0 0 1])
  ("OCR1B" .
   [3 0 0 0 0])
  ("5" .
   [2])
  ("22500" .
   [1 0 0 0 0])
  ("2" .
   [7])
  ("48000" .
   [1 0 0 0 0])
  ("drive_coil1" .
   [1 0 0 0 0 0 0 0 0 0 0])
  ("drive_coil2" .
   [3 0 0 0 0 0 0 0 0 0 0])
  ("drive_coil4" .
   [5 0 0 0 0 1 0 0 0 0 0])
  ("drive_coil" .
   [0 0 0 0 0 0 0 0 0 6])
  ("m_wait" .
   [1 0 0 10 1 0])))
